11,850,2484036,41095986
	996,0,0,0
	995,0,0,0
	979,0,0,0
	978,0,0,0
	952,0,0,0
	948,0,0,0
	845,0,0,0
	836,0,0,0
	829,0,0,0
	788,0,0,0
	771,0,0,0
	759,0,0,0
	746,0,0,0
	744,0,0,0
	598,0,0,0
	574,0,0,0
	546,0,0,0
	525,0,0,0
	502,0,0,0
	471,0,0,0
	457,0,0,0
	437,0,0,0
	419,0,0,0
	403,0,0,0
	380,0,0,0
	367,0,0,0
	360,0,0,0
	356,0,0,0
	335,0,0,0
	324,2,5604,112465
	305,1,2766,85558
	284,2,6204,59250
	271,3,11068,67154
	245,3,12368,153874
	243,6,7629,246839
	222,6,25324,304522
	125,3,1839,170864
	98,5,15692,230872
	96,5,11863,362822
	81,4,10135,189856
	55,2,6458,138621
	54,1,2205,80485
	26,3,10389,151705
	20,44,143833,2354217
		939,0,0,0
		935,0,0,0
		932,0,0,0
		890,0,0,0
		882,0,0,0
		871,0,0,0
		839,0,0,0
		761,0,0,0
		733,0,0,0
		712,0,0,0
		703,0,0,0
		694,0,0,0
		692,0,0,0
		657,0,0,0
		644,0,0,0
		642,0,0,0
		640,0,0,0
		627,0,0,0
		618,0,0,0
		614,0,0,0
		591,0,0,0
		590,0,0,0
		584,0,0,0
		577,0,0,0
		468,0,0,0
		467,0,0,0
		464,0,0,0
		439,0,0,0
		410,0,0,0
		402,0,0,0
		401,0,0,0
		394,0,0,0
		379,0,0,0
		369,0,0,0
		357,0,0,0
		302,3,11700,140021
		297,4,13842,164819
		269,2,5316,100821
		187,2,3966,81775
		143,4,16631,263024
		140,6,20915,299294
		139,4,9337,228457
		124,3,9594,236492
		57,2,6094,155846
		56,2,8030,66404
		48,4,13577,160154
		45,3,2261,188816
		34,4,17688,201214
	2,757,2203409,36192366
		957,0,0,0
		942,0,0,0
		894,0,0,0
		886,0,0,0
		862,0,0,0
		822,0,0,0
		820,0,0,0
		814,0,0,0
		808,0,0,0
		799,0,0,0
		790,0,0,0
		776,0,0,0
		762,0,0,0
		757,0,0,0
		689,0,0,0
		680,0,0,0
		665,0,0,0
		603,0,0,0
		576,0,0,0
		571,0,0,0
		549,0,0,0
		548,0,0,0
		501,0,0,0
		461,0,0,0
		413,0,0,0
		404,0,0,0
		400,0,0,0
		395,0,0,0
		384,0,0,0
		363,0,0,0
		341,0,0,0
		339,0,0,0
		338,0,0,0
		288,2,7097,60966
		233,2,2843,132996
		210,1,4937,54178
		176,3,7374,186395
		173,3,12110,204050
		171,4,7970,207441
		62,3,5113,99474
		61,4,11013,144415
		51,2,6877,120011
		40,2,4458,171346
		30,3,8013,181789
		14,588,1710227,27803235
			1000,0,0,0
			970,0,0,0
			902,0,0,0
			897,0,0,0
			893,0,0,0
			870,0,0,0
			866,0,0,0
			858,0,0,0
			809,0,0,0
			804,0,0,0
			779,0,0,0
			772,0,0,0
			729,0,0,0
			718,0,0,0
			717,0,0,0
			673,0,0,0
			662,0,0,0
			646,0,0,0
			630,0,0,0
			586,0,0,0
			557,0,0,0
			554,0,0,0
			540,0,0,0
			535,0,0,0
			534,0,0,0
			518,0,0,0
			517,0,0,0
			512,0,0,0
			496,0,0,0
			494,0,0,0
			489,0,0,0
			482,0,0,0
			462,0,0,0
			446,0,0,0
			424,0,0,0
			418,0,0,0
			392,0,0,0
			350,0,0,0
			333,3,8678,195397
			325,2,4948,111312
			320,3,10528,182250
			301,3,12405,136480
			249,5,20616,280491
			241,6,9378,265010
			235,4,11168,171647
			154,2,5934,82753
			149,4,6309,113522
			133,2,7811,163825
			128,3,11117,154131
			83,6,17232,213738
			39,5,14336,253905
			36,3,14884,74483
			12,537,1554883,25404291
				980,0,0,0
				917,0,0,0
				905,0,0,0
				875,0,0,0
				841,0,0,0
				828,0,0,0
				794,0,0,0
				786,0,0,0
				739,0,0,0
				715,0,0,0
				714,0,0,0
				693,0,0,0
				617,0,0,0
				608,0,0,0
				582,0,0,0
				564,0,0,0
				551,0,0,0
				539,0,0,0
				527,0,0,0
				453,0,0,0
				420,0,0,0
				368,0,0,0
				353,0,0,0
				337,0,0,0
				327,5,22909,248274
				309,5,21676,212789
				308,0,0,0
				274,1,2338,68762
				255,1,5305,23147
				254,1,9,59281
				239,3,12082,170176
				221,2,6755,170702
				207,2,9997,68422
				199,5,18674,204978
				169,1,4035,82993
				155,1,4857,11258
				84,1,1478,26246
				7,506,1436791,23926934
					994,0,0,0
					992,0,0,0
					936,0,0,0
					928,0,0,0
					909,0,0,0
					906,0,0,0
					874,0,0,0
					864,0,0,0
					806,0,0,0
					770,0,0,0
					742,0,0,0
					691,0,0,0
					682,0,0,0
					649,0,0,0
					601,0,0,0
					580,0,0,0
					565,0,0,0
					542,0,0,0
					507,0,0,0
					506,0,0,0
					487,0,0,0
					479,0,0,0
					463,0,0,0
					451,0,0,0
					427,0,0,0
					407,0,0,0
					373,0,0,0
					326,5,15129,256191
					315,5,19849,218196
					294,5,11920,263812
					270,3,8773,199703
					258,3,6948,176750
					208,3,9476,159120
					148,3,6406,251771
					110,3,9704,219446
					77,5,13354,333525
					70,2,2718,174053
					69,2,3067,39531
					66,5,14333,120992
					52,2,1600,91332
					44,4,9404,144223
					15,452,1293017,21113590
						981,0,0,0
						956,0,0,0
						945,0,0,0
						944,0,0,0
						922,0,0,0
						920,0,0,0
						825,0,0,0
						821,0,0,0
						811,0,0,0
						797,0,0,0
						795,0,0,0
						793,0,0,0
						766,0,0,0
						758,0,0,0
						756,0,0,0
						727,0,0,0
						726,0,0,0
						705,0,0,0
						700,0,0,0
						683,0,0,0
						674,0,0,0
						656,0,0,0
						628,0,0,0
						606,0,0,0
						547,0,0,0
						531,0,0,0
						498,0,0,0
						483,0,0,0
						477,0,0,0
						385,0,0,0
						371,0,0,0
						346,0,0,0
						290,4,9850,126423
						275,2,4867,126655
						240,2,7287,71734
						228,5,13671,261667
						215,3,10270,135653
						209,5,8551,349132
						202,3,8825,85992
						191,3,8206,188417
						177,4,3668,204797
						147,2,6180,101361
						145,3,14448,57198
						136,1,985,71737
						121,1,4644,12623
						95,2,4806,165980
						86,7,27779,231807
						75,5,12117,325502
						22,4,11060,184744
						8,121,343012,5834196
							976,0,0,0
							966,0,0,0
							937,0,0,0
							934,0,0,0
							926,0,0,0
							914,0,0,0
							910,0,0,0
							896,0,0,0
							834,0,0,0
							826,0,0,0
							813,0,0,0
							807,0,0,0
							785,0,0,0
							751,0,0,0
							723,0,0,0
							697,0,0,0
							676,0,0,0
							670,0,0,0
							663,0,0,0
							637,0,0,0
							624,0,0,0
							599,0,0,0
							578,0,0,0
							572,0,0,0
							563,0,0,0
							544,0,0,0
							522,0,0,0
							504,0,0,0
							499,0,0,0
							476,0,0,0
							466,0,0,0
							454,0,0,0
							426,0,0,0
							414,0,0,0
							378,0,0,0
							377,0,0,0
							372,0,0,0
							364,0,0,0
							314,2,5534,105225
							311,1,1555,60572
							310,4,14033,231441
							285,9,31681,537649
							283,4,5502,225688
							256,2,6118,29390
							217,2,1793,46811
							203,3,2595,79849
							165,4,17315,227754
							161,1,4199,5311
							160,5,18624,249775
							122,4,6750,205087
							114,2,8940,36903
							100,5,9497,213488
							87,3,3970,89237
							41,2,4332,40098
							16,22,66601,996266
								999,0,0,0
								998,0,0,0
								997,0,0,0
								989,0,0,0
								987,0,0,0
								969,0,0,0
								955,0,0,0
								951,0,0,0
								927,0,0,0
								895,0,0,0
								884,0,0,0
								774,0,0,0
								725,0,0,0
								724,0,0,0
								709,0,0,0
								661,0,0,0
								659,0,0,0
								641,0,0,0
								605,0,0,0
								553,0,0,0
								541,0,0,0
								537,0,0,0
								528,0,0,0
								488,0,0,0
								469,0,0,0
								429,0,0,0
								428,0,0,0
								273,1,2847,1022
								178,3,8172,80203
								99,1,3276,763
								97,2,4108,147314
								58,0,0,0
								50,5,15175,302087
								38,4,15907,160506
								37,3,8807,206760
							6,44,127065,2330673
								973,0,0,0
								889,0,0,0
								873,0,0,0
								868,0,0,0
								823,0,0,0
								764,0,0,0
								754,0,0,0
								749,0,0,0
								625,0,0,0
								562,0,0,0
								533,0,0,0
								510,0,0,0
								480,0,0,0
								474,0,0,0
								470,0,0,0
								436,0,0,0
								423,0,0,0
								415,0,0,0
								391,0,0,0
								387,0,0,0
								344,0,0,0
								323,7,19215,248151
								293,4,13473,332491
								227,1,4023,33533
								204,3,13887,212047
								196,4,5424,167158
								182,0,0,0
								153,2,6496,136540
								138,8,25151,432351
								134,5,18290,185368
								47,2,1998,113870
								43,3,8168,161915
								28,2,4499,67233
						1,271,782564,12459661
							974,0,0,0
							958,0,0,0
							924,0,0,0
							903,0,0,0
							892,0,0,0
							883,0,0,0
							872,0,0,0
							865,0,0,0
							850,0,0,0
							840,0,0,0
							818,0,0,0
							805,0,0,0
							791,0,0,0
							755,0,0,0
							675,0,0,0
							652,0,0,0
							635,0,0,0
							581,0,0,0
							566,0,0,0
							560,0,0,0
							524,0,0,0
							503,0,0,0
							481,0,0,0
							455,0,0,0
							408,0,0,0
							406,0,0,0
							345,0,0,0
							330,2,884,136678
							312,2,7800,115967
							244,0,0,0
							190,0,0,0
							186,5,17322,171629
							164,0,0,0
							151,4,11247,223047
							150,2,3746,173737
							137,3,8785,208008
							130,5,13381,238835
							127,2,4389,93640
							123,2,7424,93362
							120,5,11998,358796
							117,2,5127,140558
							101,2,7580,127996
							17,55,170160,2703577
								967,0,0,0
								965,0,0,0
								950,0,0,0
								938,0,0,0
								912,0,0,0
								901,0,0,0
								877,0,0,0
								852,0,0,0
								713,0,0,0
								686,0,0,0
								647,0,0,0
								645,0,0,0
								623,0,0,0
								619,0,0,0
								594,0,0,0
								585,0,0,0
								567,0,0,0
								514,0,0,0
								505,0,0,0
								485,0,0,0
								478,0,0,0
								456,0,0,0
								441,0,0,0
								389,0,0,0
								359,0,0,0
								306,4,7862,146737
								299,2,4009,62450
								289,0,0,0
								279,2,10264,117946
								268,1,2044,66404
								260,2,7929,32805
								246,6,15664,403802
								225,2,5975,120133
								213,5,23859,240664
								174,3,5456,115644
								163,2,4543,86421
								162,1,5374,37328
								146,4,11987,109611
								144,3,8156,199373
								80,4,14222,146280
								79,4,8933,227548
								78,6,18073,405673
							5,40,109118,1629000
								986,0,0,0
								977,0,0,0
								949,0,0,0
								923,0,0,0
								900,0,0,0
								878,0,0,0
								856,0,0,0
								849,0,0,0
								848,0,0,0
								731,0,0,0
								699,0,0,0
								679,0,0,0
								651,0,0,0
								650,0,0,0
								648,0,0,0
								620,0,0,0
								607,0,0,0
								592,0,0,0
								568,0,0,0
								538,0,0,0
								536,0,0,0
								529,0,0,0
								521,0,0,0
								500,0,0,0
								440,0,0,0
								417,0,0,0
								386,0,0,0
								355,0,0,0
								340,0,0,0
								331,4,12982,185535
								329,2,1487,33249
								328,1,1106,55001
								322,1,4797,17940
								304,5,15449,163565
								282,4,16190,144708
								259,2,5569,144844
								238,1,5219,54235
								232,4,10822,143523
								102,5,7669,168604
								92,2,6116,77887
								68,4,11269,208008
								59,3,5843,115974
							4,138,398859,5947809
								963,0,0,0
								961,0,0,0
								879,0,0,0
								860,0,0,0
								857,0,0,0
								854,0,0,0
								843,0,0,0
								824,0,0,0
								787,0,0,0
								778,0,0,0
								775,0,0,0
								750,0,0,0
								722,0,0,0
								707,0,0,0
								704,0,0,0
								687,0,0,0
								672,0,0,0
								658,0,0,0
								653,0,0,0
								589,0,0,0
								573,0,0,0
								495,0,0,0
								465,0,0,0
								452,0,0,0
								431,0,0,0
								366,0,0,0
								354,0,0,0
								347,0,0,0
								300,3,3882,45365
								291,2,10838,158831
								263,7,23630,341681
								229,6,16072,201646
								218,3,6335,107314
								216,3,5763,126060
								195,4,8028,53768
								189,3,6171,134866
								172,2,6339,16660
								142,1,1511,93966
								112,4,13103,262341
								108,3,13388,180421
								106,3,4878,255412
								71,5,19172,245582
								31,3,1951,249699
								18,54,160236,2285446
									991,0,0,0
									990,0,0,0
									972,0,0,0
									930,0,0,0
									929,0,0,0
									908,0,0,0
									881,0,0,0
									880,0,0,0
									846,0,0,0
									837,0,0,0
									835,0,0,0
									833,0,0,0
									832,0,0,0
									827,0,0,0
									803,0,0,0
									783,0,0,0
									768,0,0,0
									765,0,0,0
									763,0,0,0
									737,0,0,0
									719,0,0,0
									706,0,0,0
									696,0,0,0
									688,0,0,0
									669,0,0,0
									643,0,0,0
									626,0,0,0
									612,0,0,0
									609,0,0,0
									561,0,0,0
									558,0,0,0
									555,0,0,0
									513,0,0,0
									511,0,0,0
									493,0,0,0
									492,0,0,0
									473,0,0,0
									442,0,0,0
									421,0,0,0
									365,0,0,0
									348,0,0,0
									334,0,0,0
									317,2,8320,53107
									298,3,11430,197635
									278,0,0,0
									252,7,8527,362725
									251,2,7961,193490
									234,2,7987,84908
									185,3,8402,101694
									179,4,3017,105887
									158,1,3622,45610
									156,4,12275,130766
									132,2,7288,164917
									105,4,9091,98207
									94,2,8745,113264
									64,2,1408,140427
									35,3,12858,118953
									25,5,16455,129388
								3,32,97562,1188751
									904,0,0,0
									869,0,0,0
									819,0,0,0
									802,0,0,0
									798,0,0,0
									784,0,0,0
									767,0,0,0
									684,0,0,0
									681,0,0,0
									634,0,0,0
									523,0,0,0
									490,0,0,0
									458,0,0,0
									450,0,0,0
									448,0,0,0
									433,0,0,0
									416,0,0,0
									393,0,0,0
									383,0,0,0
									382,0,0,0
									381,0,0,0
									374,0,0,0
									343,0,0,0
									303,3,10446,46652
									224,4,9753,189533
									200,1,3988,32066
									192,4,14865,144134
									181,2,5915,126111
									126,5,14237,232176
									89,2,5068,22563
									74,3,9075,43965
									24,4,10355,157071
									23,2,4895,86152
		9,138,411733,6654762
			993,0,0,0
			960,0,0,0
			899,0,0,0
			851,0,0,0
			800,0,0,0
			747,0,0,0
			745,0,0,0
			734,0,0,0
			720,0,0,0
			708,0,0,0
			690,0,0,0
			685,0,0,0
			678,0,0,0
			677,0,0,0
			611,0,0,0
			602,0,0,0
			588,0,0,0
			587,0,0,0
			579,0,0,0
			559,0,0,0
			550,0,0,0
			532,0,0,0
			491,0,0,0
			484,0,0,0
			459,0,0,0
			425,0,0,0
			412,0,0,0
			409,0,0,0
			390,0,0,0
			349,0,0,0
			332,3,8107,94430
			319,1,428,34920
			265,5,18708,221189
			230,3,1844,58147
			194,6,19663,192138
			141,1,585,1161
			115,1,3822,86155
			88,2,8766,96948
			72,1,1350,92662
			49,0,0,0
			19,78,225132,3861034
				968,0,0,0
				962,0,0,0
				943,0,0,0
				925,0,0,0
				919,0,0,0
				915,0,0,0
				907,0,0,0
				876,0,0,0
				847,0,0,0
				844,0,0,0
				815,0,0,0
				801,0,0,0
				789,0,0,0
				781,0,0,0
				769,0,0,0
				760,0,0,0
				743,0,0,0
				721,0,0,0
				716,0,0,0
				701,0,0,0
				698,0,0,0
				671,0,0,0
				655,0,0,0
				631,0,0,0
				575,0,0,0
				515,0,0,0
				397,0,0,0
				370,0,0,0
				351,0,0,0
				296,1,1566,52863
				264,0,0,0
				261,6,15493,279419
				226,5,20445,212466
				180,1,3567,10158
				170,1,4914,46597
				118,3,12101,189987
				107,1,1684,22172
				90,4,18073,153291
				65,2,6959,82006
				32,1,4020,96247
				29,4,5748,270873
				13,48,129464,2416200
					983,0,0,0
					964,0,0,0
					954,0,0,0
					953,0,0,0
					947,0,0,0
					940,0,0,0
					921,0,0,0
					913,0,0,0
					898,0,0,0
					887,0,0,0
					867,0,0,0
					816,0,0,0
					810,0,0,0
					777,0,0,0
					748,0,0,0
					741,0,0,0
					732,0,0,0
					667,0,0,0
					654,0,0,0
					622,0,0,0
					621,0,0,0
					600,0,0,0
					569,0,0,0
					497,0,0,0
					486,0,0,0
					438,0,0,0
					411,0,0,0
					399,0,0,0
					376,0,0,0
					281,3,6012,156047
					272,4,6461,240779
					219,2,5566,90787
					211,0,0,0
					175,3,11891,157237
					135,4,9459,208476
					131,3,9388,151394
					129,0,0,0
					119,2,714,115638
					109,0,0,0
					93,5,17057,239647
					91,6,9352,310534
					85,6,23152,235199
					67,1,1904,80988
					60,5,14464,254836
			10,36,120465,1900531
				988,0,0,0
				984,0,0,0
				982,0,0,0
				971,0,0,0
				941,0,0,0
				933,0,0,0
				931,0,0,0
				863,0,0,0
				855,0,0,0
				842,0,0,0
				812,0,0,0
				792,0,0,0
				782,0,0,0
				740,0,0,0
				736,0,0,0
				730,0,0,0
				728,0,0,0
				636,0,0,0
				633,0,0,0
				615,0,0,0
				610,0,0,0
				596,0,0,0
				595,0,0,0
				526,0,0,0
				520,0,0,0
				519,0,0,0
				509,0,0,0
				460,0,0,0
				445,0,0,0
				444,0,0,0
				434,0,0,0
				430,0,0,0
				396,0,0,0
				336,0,0,0
				318,2,3664,97521
				280,2,7213,122975
				277,4,12983,232240
				266,2,8558,152877
				262,5,17634,181062
				237,3,14052,83954
				231,5,22009,265247
				212,2,4636,80296
				184,0,0,0
				73,2,6318,161233
				53,0,0,0
				42,7,19888,430665
21,4,14013,145815
27,2,6551,113483
33,4,7013,204324
46,1,5243,69439
63,2,766,165221
76,3,10588,199799
82,7,21744,318970
103,4,15794,124610
104,2,6309,49738
111,5,19540,320866
113,5,13458,288981
116,2,6943,45087
152,2,8126,170015
157,4,8356,159111
159,6,17002,300888
166,3,13904,137428
167,2,5875,85591
168,5,14559,364303
183,7,24724,417587
188,7,25103,224475
193,0,0,0
197,0,0,0
198,4,9227,343913
201,1,4789,60259
205,3,9327,175834
206,0,0,0
214,4,10938,227830
220,4,12736,237476
223,7,24019,381842
236,2,8761,138496
242,5,12889,219539
247,1,2104,97272
248,2,8451,87260
250,1,2128,36464
253,3,8033,228330
257,4,10848,171443
267,2,7981,91368
276,1,5644,42870
286,3,8742,119272
287,1,1810,68486
292,2,10267,99431
295,6,22580,191013
307,2,8477,150659
313,3,8997,188669
316,6,26064,171415
321,6,22729,230393
342,0,0,0
352,0,0,0
358,0,0,0
361,0,0,0
362,0,0,0
375,0,0,0
388,0,0,0
398,0,0,0
405,0,0,0
422,0,0,0
432,0,0,0
435,0,0,0
443,0,0,0
447,0,0,0
449,0,0,0
472,0,0,0
475,0,0,0
508,0,0,0
516,0,0,0
530,0,0,0
543,0,0,0
545,0,0,0
552,0,0,0
556,0,0,0
570,0,0,0
583,0,0,0
593,0,0,0
597,0,0,0
604,0,0,0
613,0,0,0
616,0,0,0
629,0,0,0
632,0,0,0
638,0,0,0
639,0,0,0
660,0,0,0
664,0,0,0
666,0,0,0
668,0,0,0
695,0,0,0
702,0,0,0
710,0,0,0
711,0,0,0
735,0,0,0
738,0,0,0
752,0,0,0
753,0,0,0
773,0,0,0
780,0,0,0
796,0,0,0
817,0,0,0
830,0,0,0
831,0,0,0
838,0,0,0
853,0,0,0
859,0,0,0
861,0,0,0
885,0,0,0
888,0,0,0
891,0,0,0
911,0,0,0
916,0,0,0
918,0,0,0
946,0,0,0
959,0,0,0
975,0,0,0
985,0,0,0
